SetDesc: HERAPDF
Authors: ...
Reference: ...
Format: lhagrid1
DataVersion: 1
NumMembers: 1
Flavors: [-6, -5, -4, -3, -2, -1, 1, 2, 3, 4, 5, 6, 21]
OrderQCD: 1
FlavorScheme: variable
ErrorType: hessian
XMin: 9.9e-07
XMax: 1
QMin: 1
QMax: 14317.8
MZ: 91.1876
MUp: 0
MDown: 0
MStrange: 0
MCharm: 1.43
MBottom: 4.5
MTop: 173
AlphaS_MZ: 0.118
AlphaS_OrderQCD: 1
AlphaS_Type: ipol
AlphaS_Qs: [1, 1.11291, 1.23856, 1.3784, 1.40397, 1.43,1.43, 1.50308, 1.5799, 1.66064, 1.74551, 1.83472, 1.92849, 2.02705, 2.13064, 2.23953, 2.35399, 2.47429, 2.60074, 2.73366, 2.87337, 3.02022, 3.17457, 3.33681, 3.50735, 3.68659, 3.875, 4.07304, 4.2812, 4.5,4.5, 4.86092, 5.25078, 5.67191, 6.12682, 6.61822, 7.14903, 7.72241, 8.34177, 9.01081, 9.73352, 10.5142, 11.3575, 12.2684, 13.2523, 14.3152, 15.4634, 16.7036, 18.0433, 19.4904, 21.0536, 22.7422, 24.5662, 26.5365, 28.6649, 30.9639, 33.4473, 36.1299, 39.0277, 42.1579, 45.5391, 49.1915, 53.1368, 57.3986, 62.0022, 66.975, 72.3467, 78.1492, 84.417, 91.1876, 99.9231, 109.495, 119.985, 131.479, 144.074, 157.876, 173,173, 190.838, 210.515, 232.221, 256.165, 282.578, 311.714, 343.855, 379.31, 418.42, 461.563, 509.154, 561.652, 619.564, 683.447, 753.916, 831.652, 917.403, 1012, 1116.34, 1231.45, 1358.42, 1498.48, 1652.99, 1823.43, 2011.44, 2218.84, 2447.62, 2700, 2978.39, 3285.49, 3624.25, 3997.95, 4410.17, 4864.9, 5366.51, 5919.85, 6530.24, 7203.57, 7946.32, 8765.66, 9669.48, 10666.5, 11766.3, 12979.5, 14317.8]
AlphaS_Vals: [0.450741, 0.41506, 0.385033, 0.359369, 0.355329, 0.351391,0.35138, 0.342088, 0.333303, 0.324987, 0.317103, 0.309615, 0.302495, 0.295715, 0.28925, 0.283078, 0.277178, 0.271534, 0.266127, 0.260944, 0.255969, 0.25119, 0.246596, 0.242175, 0.237918, 0.233815, 0.229858, 0.22604, 0.222352, 0.218789,0.218788, 0.213998, 0.20942, 0.205042, 0.200849, 0.196831, 0.192976, 0.189273, 0.185715, 0.182293, 0.178999, 0.175825, 0.172765, 0.169814, 0.166964, 0.164212, 0.161551, 0.158978, 0.156488, 0.154077, 0.151741, 0.149476, 0.147281, 0.14515, 0.143082, 0.141073, 0.139122, 0.137225, 0.135381, 0.133586, 0.13184, 0.13014, 0.128484, 0.126871, 0.125299, 0.123766, 0.122271, 0.120813, 0.119389, 0.118, 0.116395, 0.114834, 0.113315, 0.111836, 0.110396, 0.108994, 0.107628,0.107628, 0.106337, 0.105077, 0.103847, 0.102646, 0.101473, 0.100327, 0.0992069, 0.0981118, 0.0970408, 0.0959934, 0.0949686, 0.0939657, 0.0929841, 0.092023, 0.0910819, 0.09016, 0.0892569, 0.0883719, 0.0875045, 0.0866542, 0.0858204, 0.0850027, 0.0842007, 0.0834138, 0.0826417, 0.0818838, 0.08114, 0.0804096, 0.0796925, 0.0789881, 0.0782963, 0.0776166, 0.0769487, 0.0762923, 0.0756472, 0.075013, 0.0743895, 0.0737763, 0.0731733, 0.0725802, 0.0719967, 0.0714226, 0.0708576, 0.0703017, 0.0697544]
